14514284786278117030
4620546740167642908
13109570281517897720
17462938647148434322
355488278567739596
7469126240319926998
4635995468481642529
418970542659199878
9604170989252516556
6358044926049913402
5058016125798318033
10349215569089701407
2583272014892537200
10032373690199166667
9627645531742285868
15810285301089087632
9219209713614924562
7736011505917826031
13729552270962724157
4596340717661012313
4413874586873285858
5904155143473820934
16795776195466785825
3040631852046752166
4529279813148173111
3658352497551999605
13205889818278417278
17853215078830450730
14193508720503142180
1488787817663097441
8484116316263611556
4745643133208116498
14333959900198994173
10770733876927207790
17529942701849009476
8081518017574486547
5945178879512507902
9821139136195250096
4728986788662773602
840062144447779464
9315169977352719788
12843335216705846126
1682692516156909696
16733405176195045732
570275675392078508
2804578118555336986
18105853946332827420
11444576169427052165
